-189;-166;3-3-3-9;25
-184;-168;1-1-1-15;0
-181;-172;3-3-3-9;0
-174;-173;1-1-1-15;25
-166;-173;1-1-1-15;50
-179;-175;1-1-1-15;25
-170;-179;1-1-1-15;100
-169;-182;3-3-3-9;100
-168;-182;3-3-3-9;50
-174;-136;1-1-1-15;125
-178;-140;1-1-1-15;50
-184;-142;3-3-3-9;100
-175;-143;3-3-3-9;125
-178;-146;1-1-1-15;75
-167;-147;1-1-1-15;75
-165;-151;3-3-3-9;100
-182;-154;1-1-1-15;125
-191;-156;3-3-3-9;100
-165;-162;3-3-3-9;50
-185;-106;3-3-3-9;75
-175;-106;1-1-1-15;100
-192;-108;3-3-3-9;25
-181;-109;1-1-1-15;75
-183;-113;1-1-1-15;75
-186;-114;3-3-3-9;25
-177;-120;1-1-1-15;75
-170;-120;1-1-1-15;100
-190;-122;1-1-1-15;0
-168;-122;3-3-3-9;25
-167;-122;3-3-3-9;50
-179;-124;3-3-3-9;50
-184;-127;1-1-1-15;75
-174;-127;3-3-3-9;100
-190;-128;3-3-3-9;100
-178;-128;3-3-3-9;50
-175;-130;3-3-3-9;150
-187;-85;3-3-3-9;50
-181;-86;3-3-3-9;100
-184;-94;3-3-3-9;50
-173;-94;3-3-3-9;0
-195;-95;1-1-1-15;25
-189;-95;1-1-1-15;25
-177;-95;3-3-3-9;0
-171;-96;3-3-3-9;25
-194;-48;3-3-3-9;50
-182;-52;1-1-1-15;0
-173;-52;3-3-3-9;75
-193;-54;1-1-1-15;25
-175;-54;3-3-3-9;75
-166;-54;1-1-1-15;100
-195;-56;1-1-1-15;0
-186;-63;3-3-3-9;50
-182;-63;3-3-3-9;75
-170;-63;1-1-1-15;50
-185;-69;3-3-3-9;125
-177;-69;3-3-3-9;75
-194;-70;3-3-3-9;0
-184;-70;1-1-1-15;125
-173;-72;1-1-1-15;75
-169;-15;3-3-3-9;150
-176;-18;3-3-3-9;25
-183;-20;1-1-1-15;25
-190;-21;3-3-3-9;0
-172;-24;1-1-1-15;25
-166;-25;1-1-1-15;25
-175;-26;1-1-1-15;0
-169;-26;3-3-3-9;25
-190;-29;3-3-3-9;25
-195;-31;3-3-3-9;100
-184;-33;3-3-3-9;50
-187;-34;1-1-1-15;25
-169;-40;1-1-1-15;0
-195;-41;3-3-3-9;100
-177;-44;1-1-1-15;75
-188;14;3-3-3-9;50
-175;12;1-1-1-15;75
-172;9;1-1-1-15;50
-183;7;1-1-1-15;50
-171;6;1-1-1-15;75
-171;5;3-3-3-9;100
-195;4;3-3-3-9;50
-169;4;3-3-3-9;125
-165;4;1-1-1-15;75
-190;1;1-1-1-15;100
-187;-2;1-1-1-15;0
-190;-4;3-3-3-9;50
-188;-4;3-3-3-9;0
-192;-5;1-1-1-15;125
-182;-8;3-3-3-9;50
-173;-9;3-3-3-9;25
-178;-10;1-1-1-15;50
-166;-11;3-3-3-9;0
-178;-14;1-1-1-15;25
-177;-14;3-3-3-9;50
-183;45;3-3-3-9;0
-182;44;1-1-1-15;0
-171;38;1-1-1-15;0
-176;35;1-1-1-15;0
-189;34;1-1-1-15;125
-188;33;3-3-3-9;50
-173;33;3-3-3-9;0
-169;33;1-1-1-15;0
-177;29;3-3-3-9;50
-171;29;3-3-3-9;25
-177;28;3-3-3-9;75
-190;24;1-1-1-15;100
-172;24;1-1-1-15;100
-185;22;3-3-3-9;75
-175;20;1-1-1-15;100
-170;17;3-3-3-9;125
-191;16;3-3-3-9;50
-190;74;3-3-3-9;100
-178;73;1-1-1-15;50
-170;62;3-3-3-9;125
-195;60;1-1-1-15;50
-184;60;1-1-1-15;25
-185;58;3-3-3-9;50
-186;56;3-3-3-9;75
-170;55;1-1-1-15;0
-185;54;3-3-3-9;50
-181;51;3-3-3-9;0
-168;49;3-3-3-9;0
-191;47;1-1-1-15;25
-184;105;1-1-1-15;75
-167;105;1-1-1-15;50
-165;105;3-3-3-9;75
-176;102;1-1-1-15;0
-186;101;3-3-3-9;75
-168;101;3-3-3-9;50
-178;100;3-3-3-9;0
-178;99;1-1-1-15;0
-170;96;3-3-3-9;75
-185;94;1-1-1-15;0
-167;94;3-3-3-9;75
-185;91;3-3-3-9;0
-183;89;3-3-3-9;50
-195;83;1-1-1-15;50
-172;82;1-1-1-15;25
-182;80;1-1-1-15;25
-185;78;1-1-1-15;75
-172;76;3-3-3-9;75
-173;135;3-3-3-9;50
-171;135;1-1-1-15;25
-192;133;3-3-3-9;75
-178;131;1-1-1-15;75
-180;128;1-1-1-15;25
-170;127;1-1-1-15;25
-190;125;3-3-3-9;50
-178;124;3-3-3-9;75
-175;123;1-1-1-15;25
-195;120;1-1-1-15;50
-192;118;1-1-1-15;50
-195;117;1-1-1-15;0
-192;109;1-1-1-15;25
-185;109;1-1-1-15;50
-169;107;1-1-1-15;100
-166;107;1-1-1-15;100
-192;164;3-3-3-9;100
-178;163;3-3-3-9;125
-167;161;1-1-1-15;25
-169;160;1-1-1-15;0
-191;156;3-3-3-9;25
-195;152;1-1-1-15;100
-171;145;1-1-1-15;0
-189;144;3-3-3-9;125
-179;144;1-1-1-15;75
-177;142;3-3-3-9;50
-183;137;3-3-3-9;100
-176;137;1-1-1-15;50
-169;192;1-1-1-15;25
-180;191;1-1-1-15;150
-192;190;3-3-3-9;25
-169;188;1-1-1-15;125
-177;181;1-1-1-15;25
-178;179;1-1-1-15;125
-183;174;3-3-3-9;75
-171;174;1-1-1-15;50
-169;174;1-1-1-15;25
-168;174;3-3-3-9;25
-194;173;1-1-1-15;25
-190;172;3-3-3-9;25
-179;171;1-1-1-15;100
-176;171;1-1-1-15;100
-188;168;3-3-3-9;50
-165;167;3-3-3-9;25
-151;-165;3-3-3-9;0
-158;-166;3-3-3-9;25
-161;-169;1-1-1-15;50
-164;-173;1-1-1-15;50
-162;-173;3-3-3-9;50
-160;-174;3-3-3-9;75
-141;-177;3-3-3-9;75
-147;-179;1-1-1-15;50
-160;-184;3-3-3-9;75
-142;-190;3-3-3-9;75
-153;-191;1-1-1-15;100
-152;-144;3-3-3-9;0
-149;-146;3-3-3-9;25
-145;-146;3-3-3-9;25
-143;-148;3-3-3-9;50
-156;-152;3-3-3-9;25
-149;-156;1-1-1-15;50
-161;-157;3-3-3-9;75
-153;-158;1-1-1-15;75
-155;-160;3-3-3-9;75
-161;-162;3-3-3-9;50
-136;-162;1-1-1-15;25
-154;-163;1-1-1-15;50
-153;-163;1-1-1-15;50
-147;-164;1-1-1-15;25
-146;-105;1-1-1-15;100
-154;-109;3-3-3-9;100
-148;-115;3-3-3-9;75
-162;-116;3-3-3-9;25
-138;-116;3-3-3-9;100
-145;-121;3-3-3-9;25
-135;-123;3-3-3-9;25
-143;-124;1-1-1-15;50
-137;-125;1-1-1-15;75
-157;-129;3-3-3-9;100
-144;-132;1-1-1-15;50
-162;-75;3-3-3-9;75
-161;-77;1-1-1-15;75
-140;-81;1-1-1-15;50
-137;-81;3-3-3-9;0
-151;-83;1-1-1-15;75
-149;-84;1-1-1-15;25
-142;-85;3-3-3-9;50
-157;-86;3-3-3-9;0
-135;-86;1-1-1-15;25
-154;-87;1-1-1-15;25
-158;-88;1-1-1-15;0
-139;-88;3-3-3-9;75
-156;-95;1-1-1-15;75
-144;-98;3-3-3-9;25
-152;-99;3-3-3-9;75
-158;-100;1-1-1-15;75
-143;-102;1-1-1-15;75
-164;-103;1-1-1-15;75
-159;-104;3-3-3-9;75
-155;-104;1-1-1-15;25
-150;-45;1-1-1-15;50
-162;-54;3-3-3-9;100
-139;-56;3-3-3-9;125
-145;-62;1-1-1-15;50
-140;-63;1-1-1-15;25
-139;-65;3-3-3-9;75
-161;-69;3-3-3-9;50
-151;-69;1-1-1-15;75
-148;-70;1-1-1-15;25
-144;-70;1-1-1-15;50
-151;-71;3-3-3-9;75
-160;-72;3-3-3-9;75
-143;-72;3-3-3-9;50
-153;-73;3-3-3-9;0
-161;-15;3-3-3-9;25
-147;-15;1-1-1-15;25
-140;-18;1-1-1-15;50
-147;-20;1-1-1-15;75
-156;-21;1-1-1-15;25
-152;-29;1-1-1-15;50
-159;-36;1-1-1-15;25
-147;-36;1-1-1-15;0
-164;-39;1-1-1-15;50
-141;-40;3-3-3-9;25
-157;-42;3-3-3-9;100
-152;-42;3-3-3-9;50
-161;14;3-3-3-9;75
-140;14;1-1-1-15;75
-164;11;1-1-1-15;75
-159;11;1-1-1-15;75
-153;11;3-3-3-9;25
-155;9;3-3-3-9;50
-142;7;1-1-1-15;75
-143;3;1-1-1-15;0
-140;-1;3-3-3-9;50
-146;-3;1-1-1-15;25
-144;-4;3-3-3-9;25
-156;-5;3-3-3-9;75
-152;-8;3-3-3-9;125
-140;-11;3-3-3-9;0
-159;-12;3-3-3-9;25
-145;39;1-1-1-15;25
-154;29;1-1-1-15;50
-148;26;1-1-1-15;75
-146;26;1-1-1-15;75
-164;25;3-3-3-9;0
-163;23;3-3-3-9;0
-145;23;1-1-1-15;75
-139;22;1-1-1-15;100
-155;21;1-1-1-15;50
-154;21;3-3-3-9;25
-140;21;3-3-3-9;100
-137;72;1-1-1-15;25
-157;71;3-3-3-9;25
-147;71;3-3-3-9;25
-146;70;1-1-1-15;100
-158;65;1-1-1-15;50
-138;65;1-1-1-15;0
-161;60;3-3-3-9;75
-147;60;1-1-1-15;125
-151;58;3-3-3-9;125
-155;57;3-3-3-9;50
-138;56;3-3-3-9;25
-141;53;1-1-1-15;25
-146;50;3-3-3-9;100
-164;104;3-3-3-9;50
-140;100;3-3-3-9;25
-139;99;1-1-1-15;0
-143;98;3-3-3-9;75
-148;95;1-1-1-15;25
-157;93;1-1-1-15;0
-142;91;1-1-1-15;75
-147;89;1-1-1-15;25
-145;89;3-3-3-9;50
-159;85;3-3-3-9;75
-143;83;3-3-3-9;50
-152;80;1-1-1-15;25
-138;80;1-1-1-15;75
-143;77;1-1-1-15;75
-153;130;1-1-1-15;75
-164;128;3-3-3-9;50
-150;128;3-3-3-9;25
-145;126;1-1-1-15;50
-164;123;3-3-3-9;75
-161;123;3-3-3-9;75
-151;123;1-1-1-15;50
-151;122;3-3-3-9;50
-146;122;1-1-1-15;100
-153;121;3-3-3-9;0
-144;121;1-1-1-15;50
-159;120;1-1-1-15;50
-156;118;3-3-3-9;125
-140;117;3-3-3-9;25
-148;113;3-3-3-9;0
-146;107;1-1-1-15;25
-144;165;1-1-1-15;100
-144;163;1-1-1-15;100
-155;162;3-3-3-9;125
-163;159;1-1-1-15;25
-155;159;3-3-3-9;125
-144;154;1-1-1-15;75
-142;154;3-3-3-9;75
-137;154;3-3-3-9;75
-162;151;3-3-3-9;25
-152;151;3-3-3-9;25
-147;151;1-1-1-15;25
-135;151;1-1-1-15;25
-142;149;3-3-3-9;25
-157;148;3-3-3-9;50
-155;148;1-1-1-15;25
-137;147;3-3-3-9;0
-137;146;3-3-3-9;0
-152;144;1-1-1-15;75
-162;140;3-3-3-9;50
-139;139;3-3-3-9;75
-138;139;3-3-3-9;75
-141;193;1-1-1-15;0
-141;192;3-3-3-9;0
-138;192;1-1-1-15;0
-162;191;1-1-1-15;75
-162;190;3-3-3-9;75
-162;189;1-1-1-15;75
-146;188;3-3-3-9;75
-163;187;1-1-1-15;25
-158;186;1-1-1-15;125
-158;182;1-1-1-15;25
-135;182;1-1-1-15;75
-159;180;3-3-3-9;25
-159;177;3-3-3-9;75
-146;174;1-1-1-15;75
-158;173;3-3-3-9;75
-152;170;3-3-3-9;25
-145;170;1-1-1-15;75
-139;168;3-3-3-9;100
-115;-165;1-1-1-15;50
-116;-166;1-1-1-15;50
-117;-168;1-1-1-15;50
-109;-168;1-1-1-15;100
-122;-171;3-3-3-9;25
-113;-171;1-1-1-15;50
-115;-176;1-1-1-15;25
-109;-178;1-1-1-15;100
-108;-178;1-1-1-15;100
-115;-179;1-1-1-15;25
-120;-181;1-1-1-15;75
-116;-182;1-1-1-15;75
-110;-184;3-3-3-9;0
-119;-185;1-1-1-15;125
-118;-186;1-1-1-15;150
-118;-187;3-3-3-9;150
-119;-193;3-3-3-9;75
-117;-142;3-3-3-9;75
-111;-144;1-1-1-15;75
-122;-148;3-3-3-9;75
-134;-151;1-1-1-15;75
-126;-151;3-3-3-9;25
-117;-154;1-1-1-15;125
-132;-155;3-3-3-9;25
-114;-156;3-3-3-9;75
-109;-157;3-3-3-9;100
-105;-158;1-1-1-15;25
-105;-162;1-1-1-15;75
-123;-108;1-1-1-15;25
-124;-109;1-1-1-15;50
-112;-109;3-3-3-9;0
-123;-110;1-1-1-15;50
-113;-110;1-1-1-15;25
-107;-110;3-3-3-9;100
-123;-112;1-1-1-15;75
-118;-114;3-3-3-9;50
-118;-115;1-1-1-15;25
-134;-116;1-1-1-15;25
-108;-117;3-3-3-9;75
-122;-122;1-1-1-15;100
-120;-122;3-3-3-9;75
-105;-124;1-1-1-15;75
-131;-125;3-3-3-9;75
-123;-125;3-3-3-9;75
-107;-126;3-3-3-9;25
-116;-127;1-1-1-15;75
-124;-128;3-3-3-9;25
-120;-129;1-1-1-15;50
-119;-129;3-3-3-9;50
-131;-132;3-3-3-9;50
-116;-134;1-1-1-15;75
-117;-76;3-3-3-9;50
-122;-80;3-3-3-9;50
-105;-81;1-1-1-15;50
-131;-83;3-3-3-9;50
-119;-83;3-3-3-9;100
-124;-84;1-1-1-15;50
-109;-85;3-3-3-9;0
-112;-87;1-1-1-15;0
-132;-88;1-1-1-15;0
-108;-90;1-1-1-15;75
-134;-91;1-1-1-15;50
-135;-95;1-1-1-15;75
-129;-96;3-3-3-9;75
-125;-99;1-1-1-15;0
-121;-99;1-1-1-15;0
-126;-100;1-1-1-15;25
-122;-103;1-1-1-15;25
-127;-104;1-1-1-15;50
-124;-45;3-3-3-9;50
-113;-50;3-3-3-9;75
-109;-51;1-1-1-15;25
-134;-55;3-3-3-9;100
-117;-56;3-3-3-9;25
-131;-58;1-1-1-15;25
-113;-58;1-1-1-15;0
-107;-62;1-1-1-15;50
-108;-63;3-3-3-9;50
-115;-65;1-1-1-15;50
-124;-67;1-1-1-15;25
-120;-71;1-1-1-15;50
-108;-72;3-3-3-9;25
-130;-15;1-1-1-15;25
-108;-15;3-3-3-9;0
-133;-16;3-3-3-9;25
-122;-16;3-3-3-9;75
-111;-16;1-1-1-15;0
-132;-17;1-1-1-15;50
-106;-17;1-1-1-15;0
-122;-19;1-1-1-15;25
-121;-20;3-3-3-9;75
-106;-20;3-3-3-9;0
-125;-22;3-3-3-9;50
-124;-23;3-3-3-9;25
-105;-23;1-1-1-15;25
-106;-24;1-1-1-15;25
-111;-25;3-3-3-9;50
-105;-28;1-1-1-15;100
-105;-30;1-1-1-15;100
-129;-33;1-1-1-15;25
-112;-38;1-1-1-15;125
-107;-38;1-1-1-15;50
-125;-42;3-3-3-9;75
-116;-43;3-3-3-9;150
-129;-44;3-3-3-9;100
-119;15;1-1-1-15;100
-128;10;1-1-1-15;25
-128;9;3-3-3-9;25
-123;9;3-3-3-9;75
-124;7;3-3-3-9;25
-109;4;3-3-3-9;50
-115;2;3-3-3-9;0
-131;1;3-3-3-9;25
-120;1;3-3-3-9;50
-130;0;1-1-1-15;25
-125;-1;1-1-1-15;75
-110;-4;1-1-1-15;0
-131;-5;1-1-1-15;25
-132;-10;3-3-3-9;25
-133;-12;1-1-1-15;25
-127;-13;1-1-1-15;25
-113;42;3-3-3-9;50
-118;39;3-3-3-9;75
-106;39;3-3-3-9;25
-116;35;1-1-1-15;50
-118;34;3-3-3-9;75
-134;31;1-1-1-15;25
-127;28;3-3-3-9;25
-119;26;3-3-3-9;25
-120;24;3-3-3-9;0
-106;24;3-3-3-9;75
-129;21;3-3-3-9;50
-107;21;1-1-1-15;125
-129;20;3-3-3-9;75
-107;19;3-3-3-9;125
-110;16;1-1-1-15;125
-127;73;1-1-1-15;75
-118;72;3-3-3-9;100
-126;71;3-3-3-9;50
-109;68;1-1-1-15;0
-113;65;3-3-3-9;0
-108;63;3-3-3-9;25
-121;62;1-1-1-15;50
-119;62;1-1-1-15;25
-113;61;1-1-1-15;25
-135;59;1-1-1-15;50
-134;57;3-3-3-9;50
-110;56;1-1-1-15;50
-120;48;3-3-3-9;25
-110;47;3-3-3-9;0
-124;46;3-3-3-9;100
-112;104;1-1-1-15;100
-114;98;1-1-1-15;25
-127;96;3-3-3-9;25
-124;96;3-3-3-9;0
-105;95;3-3-3-9;75
-118;94;3-3-3-9;50
-133;87;3-3-3-9;50
-116;87;3-3-3-9;75
-107;85;1-1-1-15;25
-116;84;3-3-3-9;100
-107;83;1-1-1-15;25
-135;80;1-1-1-15;75
-111;80;1-1-1-15;25
-116;78;1-1-1-15;25
-105;132;1-1-1-15;50
-130;130;1-1-1-15;50
-121;129;1-1-1-15;75
-120;123;1-1-1-15;100
-128;121;3-3-3-9;75
-111;120;3-3-3-9;75
-111;117;3-3-3-9;75
-119;115;3-3-3-9;50
-113;114;3-3-3-9;50
-112;114;3-3-3-9;50
-108;109;1-1-1-15;25
-124;107;3-3-3-9;75
-113;107;3-3-3-9;100
-134;106;1-1-1-15;25
-117;165;1-1-1-15;50
-109;165;3-3-3-9;75
-108;160;3-3-3-9;75
-123;156;1-1-1-15;75
-105;156;3-3-3-9;50
-128;154;1-1-1-15;50
-120;154;1-1-1-15;125
-135;153;3-3-3-9;75
-131;153;1-1-1-15;25
-131;152;3-3-3-9;25
-121;151;3-3-3-9;100
-122;147;1-1-1-15;125
-119;147;1-1-1-15;125
-122;136;3-3-3-9;75
-122;195;3-3-3-9;150
-121;195;3-3-3-9;150
-126;193;3-3-3-9;150
-127;191;1-1-1-15;150
-113;184;1-1-1-15;50
-110;184;3-3-3-9;50
-108;184;1-1-1-15;25
-106;180;1-1-1-15;125
-109;179;1-1-1-15;75
-132;177;1-1-1-15;25
-126;170;3-3-3-9;100
-129;169;3-3-3-9;75
-134;168;3-3-3-9;50
-116;168;3-3-3-9;75
-111;168;1-1-1-15;75
-101;-165;3-3-3-9;100
-78;-165;3-3-3-9;25
-87;-167;3-3-3-9;75
-98;-173;3-3-3-9;25
-92;-173;1-1-1-15;50
-95;-180;3-3-3-9;50
-75;-184;3-3-3-9;50
-85;-188;1-1-1-15;25
-103;-189;1-1-1-15;75
-101;-192;3-3-3-9;125
-84;-194;3-3-3-9;25
-78;-194;3-3-3-9;25
-86;-136;1-1-1-15;50
-80;-136;3-3-3-9;125
-80;-139;1-1-1-15;125
-79;-143;3-3-3-9;25
-86;-144;1-1-1-15;25
-93;-145;1-1-1-15;75
-79;-146;3-3-3-9;75
-90;-149;1-1-1-15;75
-82;-149;1-1-1-15;75
-94;-154;1-1-1-15;75
-91;-156;1-1-1-15;0
-75;-157;1-1-1-15;100
-95;-159;3-3-3-9;75
-87;-160;3-3-3-9;100
-96;-161;1-1-1-15;75
-77;-161;1-1-1-15;125
-82;-163;3-3-3-9;0
-79;-164;1-1-1-15;50
-95;-105;1-1-1-15;0
-92;-106;3-3-3-9;50
-89;-109;3-3-3-9;25
-86;-109;1-1-1-15;50
-95;-111;1-1-1-15;100
-96;-113;1-1-1-15;75
-84;-113;3-3-3-9;0
-97;-119;1-1-1-15;0
-98;-122;3-3-3-9;0
-78;-122;1-1-1-15;25
-78;-123;3-3-3-9;25
-78;-124;1-1-1-15;50
-85;-126;1-1-1-15;50
-98;-127;1-1-1-15;0
-97;-127;3-3-3-9;0
-97;-130;3-3-3-9;100
-79;-131;3-3-3-9;50
-93;-132;3-3-3-9;100
-81;-132;1-1-1-15;50
-99;-75;1-1-1-15;75
-98;-87;3-3-3-9;50
-94;-90;3-3-3-9;0
-104;-92;1-1-1-15;125
-99;-92;1-1-1-15;25
-93;-92;1-1-1-15;25
-91;-93;1-1-1-15;75
-82;-93;1-1-1-15;75
-81;-93;1-1-1-15;75
-99;-94;3-3-3-9;75
-92;-94;3-3-3-9;50
-79;-95;1-1-1-15;75
-91;-96;3-3-3-9;50
-86;-97;1-1-1-15;75
-83;-99;1-1-1-15;75
-98;-100;1-1-1-15;75
-96;-102;1-1-1-15;50
-101;-47;3-3-3-9;25
-76;-48;1-1-1-15;50
-98;-50;1-1-1-15;75
-89;-51;1-1-1-15;0
-91;-52;1-1-1-15;25
-102;-53;1-1-1-15;0
-84;-54;3-3-3-9;75
-83;-55;1-1-1-15;75
-79;-55;1-1-1-15;100
-75;-59;1-1-1-15;75
-94;-61;1-1-1-15;25
-103;-62;3-3-3-9;0
-97;-63;3-3-3-9;25
-103;-66;3-3-3-9;0
-99;-66;3-3-3-9;0
-96;-66;3-3-3-9;25
-95;-68;1-1-1-15;75
-90;-72;3-3-3-9;125
-78;-16;1-1-1-15;125
-100;-18;3-3-3-9;0
-92;-18;1-1-1-15;75
-91;-22;3-3-3-9;100
-75;-22;1-1-1-15;125
-96;-23;1-1-1-15;25
-92;-23;1-1-1-15;100
-77;-23;3-3-3-9;75
-105;-24;1-1-1-15;25
-83;-25;3-3-3-9;25
-100;-27;1-1-1-15;75
-85;-30;1-1-1-15;25
-77;-30;1-1-1-15;25
-99;-31;3-3-3-9;75
-96;-31;1-1-1-15;125
-104;-32;3-3-3-9;50
-80;-32;1-1-1-15;25
-89;-35;3-3-3-9;25
-80;-38;1-1-1-15;75
-103;-42;3-3-3-9;25
-99;-42;3-3-3-9;0
-95;-43;1-1-1-15;50
-93;14;3-3-3-9;50
-87;14;3-3-3-9;75
-93;5;3-3-3-9;75
-103;4;1-1-1-15;25
-97;-1;3-3-3-9;0
-76;-5;3-3-3-9;50
-102;-8;1-1-1-15;50
-89;-8;1-1-1-15;25
-103;-9;3-3-3-9;50
-102;-14;3-3-3-9;25
-87;40;1-1-1-15;50
-105;39;3-3-3-9;0
-78;38;3-3-3-9;50
-94;37;3-3-3-9;75
-75;37;1-1-1-15;75
-78;35;3-3-3-9;50
-102;34;3-3-3-9;50
-91;34;1-1-1-15;25
-95;29;3-3-3-9;25
-83;27;1-1-1-15;75
-82;27;3-3-3-9;75
-100;25;3-3-3-9;75
-97;25;1-1-1-15;50
-100;24;3-3-3-9;50
-94;22;3-3-3-9;0
-79;21;1-1-1-15;0
-82;20;3-3-3-9;0
-75;20;3-3-3-9;25
-100;16;1-1-1-15;75
-78;75;3-3-3-9;75
-80;74;3-3-3-9;50
-86;72;1-1-1-15;50
-101;67;3-3-3-9;25
-88;66;1-1-1-15;75
-87;65;1-1-1-15;75
-76;65;1-1-1-15;50
-105;56;3-3-3-9;75
-77;56;1-1-1-15;50
-77;52;3-3-3-9;75
-89;51;3-3-3-9;25
-88;50;3-3-3-9;25
-102;49;3-3-3-9;50
-100;49;3-3-3-9;150
-103;48;1-1-1-15;125
-88;47;1-1-1-15;50
-97;105;1-1-1-15;50
-93;103;1-1-1-15;75
-99;102;1-1-1-15;25
-92;100;1-1-1-15;75
-103;98;3-3-3-9;0
-77;96;3-3-3-9;125
-89;95;3-3-3-9;50
-80;95;3-3-3-9;100
-94;94;3-3-3-9;25
-76;93;1-1-1-15;75
-91;92;3-3-3-9;0
-82;92;3-3-3-9;50
-91;91;3-3-3-9;0
-80;90;1-1-1-15;75
-89;89;1-1-1-15;25
-83;89;1-1-1-15;75
-94;84;1-1-1-15;75
-101;79;1-1-1-15;125
-81;78;1-1-1-15;100
-75;76;3-3-3-9;100
-93;132;1-1-1-15;75
-92;125;3-3-3-9;125
-103;124;3-3-3-9;125
-101;118;1-1-1-15;100
-77;115;1-1-1-15;25
-88;113;3-3-3-9;0
-93;112;1-1-1-15;100
-89;111;1-1-1-15;75
-95;164;1-1-1-15;25
-91;163;1-1-1-15;50
-96;161;3-3-3-9;75
-88;161;1-1-1-15;75
-97;160;1-1-1-15;75
-81;159;3-3-3-9;50
-75;157;3-3-3-9;25
-99;156;1-1-1-15;50
-83;156;3-3-3-9;75
-94;153;3-3-3-9;50
-94;150;3-3-3-9;0
-104;149;3-3-3-9;25
-77;143;1-1-1-15;25
-77;140;1-1-1-15;75
-86;137;3-3-3-9;25
-90;195;1-1-1-15;75
-80;192;3-3-3-9;0
-78;192;3-3-3-9;25
-78;187;3-3-3-9;25
-81;186;1-1-1-15;50
-87;181;1-1-1-15;50
-90;180;3-3-3-9;25
-102;179;1-1-1-15;100
-95;179;1-1-1-15;25
-77;178;1-1-1-15;0
-87;173;1-1-1-15;75
-102;172;3-3-3-9;100
-100;172;3-3-3-9;100
-90;172;3-3-3-9;0
-78;168;3-3-3-9;0
-88;167;1-1-1-15;0
-78;166;3-3-3-9;50
-65;-166;1-1-1-15;75
-54;-166;1-1-1-15;75
-72;-167;1-1-1-15;0
-64;-169;3-3-3-9;75
-46;-169;3-3-3-9;50
-56;-171;3-3-3-9;0
-66;-172;1-1-1-15;50
-72;-174;1-1-1-15;0
-55;-177;3-3-3-9;25
-72;-178;3-3-3-9;75
-53;-179;1-1-1-15;75
-47;-181;1-1-1-15;75
-69;-183;3-3-3-9;100
-64;-188;1-1-1-15;100
-53;-189;3-3-3-9;25
-50;-192;3-3-3-9;50
-65;-135;1-1-1-15;0
-66;-137;1-1-1-15;25
-72;-138;3-3-3-9;50
-46;-139;3-3-3-9;75
-50;-140;3-3-3-9;50
-73;-141;1-1-1-15;50
-51;-141;1-1-1-15;100
-60;-144;3-3-3-9;75
-74;-147;3-3-3-9;0
-58;-147;3-3-3-9;75
-60;-150;3-3-3-9;25
-51;-150;3-3-3-9;50
-64;-153;3-3-3-9;75
-57;-153;3-3-3-9;100
-47;-153;1-1-1-15;25
-56;-155;1-1-1-15;100
-55;-156;3-3-3-9;50
-48;-158;1-1-1-15;50
-63;-162;1-1-1-15;50
-60;-162;1-1-1-15;75
-64;-164;1-1-1-15;75
-48;-106;3-3-3-9;150
-53;-108;3-3-3-9;100
-49;-109;3-3-3-9;25
-55;-112;3-3-3-9;75
-68;-116;1-1-1-15;125
-63;-116;3-3-3-9;125
-68;-117;1-1-1-15;125
-65;-120;3-3-3-9;50
-57;-123;3-3-3-9;0
-47;-123;3-3-3-9;25
-53;-125;1-1-1-15;25
-55;-126;1-1-1-15;25
-71;-128;1-1-1-15;25
-71;-129;1-1-1-15;75
-51;-129;3-3-3-9;100
-61;-134;1-1-1-15;25
-48;-75;3-3-3-9;50
-55;-79;1-1-1-15;25
-50;-79;1-1-1-15;75
-47;-79;3-3-3-9;75
-64;-84;1-1-1-15;25
-50;-84;3-3-3-9;50
-72;-86;3-3-3-9;75
-64;-89;1-1-1-15;0
-47;-101;1-1-1-15;150
-63;-102;3-3-3-9;0
-57;-102;3-3-3-9;100
-48;-102;1-1-1-15;150
-53;-103;3-3-3-9;50
-57;-48;3-3-3-9;75
-59;-50;3-3-3-9;75
-60;-51;3-3-3-9;50
-75;-55;1-1-1-15;75
-50;-59;1-1-1-15;75
-57;-62;1-1-1-15;75
-68;-64;1-1-1-15;50
-49;-71;1-1-1-15;25
-64;-73;3-3-3-9;0
-57;-73;1-1-1-15;0
-68;-15;3-3-3-9;125
-62;-16;1-1-1-15;100
-58;-18;1-1-1-15;75
-51;-18;3-3-3-9;75
-56;-19;1-1-1-15;75
-64;-20;3-3-3-9;0
-48;-21;1-1-1-15;100
-46;-23;1-1-1-15;0
-55;-28;3-3-3-9;0
-50;-28;3-3-3-9;75
-67;-29;3-3-3-9;0
-66;-30;1-1-1-15;25
-61;-30;1-1-1-15;25
-63;-35;1-1-1-15;75
-73;-36;3-3-3-9;50
-55;-43;1-1-1-15;25
-54;4;1-1-1-15;50
-53;3;3-3-3-9;50
-54;2;3-3-3-9;75
-59;-3;1-1-1-15;100
-69;-10;1-1-1-15;50
-63;-11;1-1-1-15;75
-56;-12;3-3-3-9;75
-55;-13;1-1-1-15;75
-66;44;3-3-3-9;100
-74;42;1-1-1-15;25
-70;40;1-1-1-15;100
-48;40;3-3-3-9;50
-47;40;1-1-1-15;25
-66;39;1-1-1-15;125
-64;39;3-3-3-9;125
-63;39;1-1-1-15;100
-63;38;3-3-3-9;75
-59;36;3-3-3-9;50
-53;35;1-1-1-15;75
-59;34;1-1-1-15;75
-52;33;1-1-1-15;75
-68;29;1-1-1-15;25
-56;28;3-3-3-9;50
-45;28;3-3-3-9;0
-70;24;1-1-1-15;100
-64;24;3-3-3-9;0
-72;23;3-3-3-9;75
-57;18;3-3-3-9;0
-63;16;1-1-1-15;50
-51;16;3-3-3-9;50
-63;71;3-3-3-9;75
-47;69;3-3-3-9;50
-62;68;1-1-1-15;100
-68;67;3-3-3-9;75
-55;66;3-3-3-9;150
-59;63;1-1-1-15;125
-71;62;3-3-3-9;25
-62;60;3-3-3-9;0
-47;60;3-3-3-9;25
-67;59;3-3-3-9;0
-55;59;3-3-3-9;25
-62;58;3-3-3-9;25
-64;57;1-1-1-15;0
-56;56;3-3-3-9;0
-56;55;3-3-3-9;0
-63;54;1-1-1-15;75
-55;52;1-1-1-15;50
-51;52;1-1-1-15;0
-69;51;3-3-3-9;50
-51;50;1-1-1-15;0
-66;48;3-3-3-9;50
-73;105;1-1-1-15;50
-61;105;1-1-1-15;75
-67;104;1-1-1-15;0
-61;104;1-1-1-15;75
-55;102;3-3-3-9;25
-54;102;3-3-3-9;25
-68;98;1-1-1-15;0
-50;98;1-1-1-15;25
-62;97;1-1-1-15;50
-74;94;3-3-3-9;100
-48;94;1-1-1-15;75
-75;93;1-1-1-15;75
-74;93;3-3-3-9;75
-63;93;3-3-3-9;25
-57;92;3-3-3-9;25
-48;90;1-1-1-15;75
-51;84;1-1-1-15;75
-59;83;1-1-1-15;50
-53;78;3-3-3-9;0
-59;77;1-1-1-15;75
-46;77;3-3-3-9;125
-65;76;1-1-1-15;50
-62;76;3-3-3-9;75
-60;135;3-3-3-9;125
-73;134;3-3-3-9;50
-51;127;3-3-3-9;50
-58;125;1-1-1-15;50
-46;123;1-1-1-15;25
-64;122;1-1-1-15;150
-49;120;1-1-1-15;0
-65;117;3-3-3-9;125
-71;116;3-3-3-9;75
-70;110;3-3-3-9;50
-49;107;1-1-1-15;75
-60;163;1-1-1-15;100
-65;162;3-3-3-9;100
-61;162;1-1-1-15;100
-49;162;1-1-1-15;75
-53;160;3-3-3-9;75
-54;158;1-1-1-15;75
-57;157;1-1-1-15;50
-55;157;1-1-1-15;75
-54;156;3-3-3-9;50
-69;154;1-1-1-15;75
-52;148;1-1-1-15;75
-53;145;1-1-1-15;125
-46;143;1-1-1-15;25
-50;142;3-3-3-9;0
-64;140;1-1-1-15;0
-72;139;3-3-3-9;25
-52;139;3-3-3-9;50
-61;138;3-3-3-9;100
-53;138;1-1-1-15;50
-54;136;3-3-3-9;75
-56;195;3-3-3-9;50
-67;192;1-1-1-15;25
-46;192;1-1-1-15;0
-75;187;3-3-3-9;50
-71;177;1-1-1-15;25
-65;176;3-3-3-9;0
-73;174;1-1-1-15;25
-45;174;1-1-1-15;50
-52;171;3-3-3-9;75
-73;169;1-1-1-15;25
-52;169;3-3-3-9;75
-58;167;1-1-1-15;75
-32;-166;1-1-1-15;100
-19;-166;3-3-3-9;25
-24;-171;1-1-1-15;25
-18;-171;1-1-1-15;75
-44;-173;1-1-1-15;0
-21;-173;1-1-1-15;25
-30;-174;3-3-3-9;50
-28;-174;1-1-1-15;50
-44;-175;3-3-3-9;0
-42;-175;1-1-1-15;25
-19;-177;3-3-3-9;25
-20;-178;3-3-3-9;75
-36;-180;1-1-1-15;50
-41;-184;3-3-3-9;50
-20;-188;1-1-1-15;25
-15;-190;1-1-1-15;75
-25;-193;3-3-3-9;0
-24;-195;1-1-1-15;0
-35;-135;3-3-3-9;50
-20;-138;1-1-1-15;50
-26;-141;1-1-1-15;25
-19;-141;1-1-1-15;50
-22;-142;1-1-1-15;25
-16;-142;3-3-3-9;50
-32;-149;3-3-3-9;75
-32;-154;1-1-1-15;50
-20;-157;1-1-1-15;50
-24;-162;1-1-1-15;75
-27;-105;3-3-3-9;25
-34;-106;1-1-1-15;75
-24;-108;3-3-3-9;50
-32;-109;3-3-3-9;75
-17;-111;1-1-1-15;25
-21;-112;3-3-3-9;25
-42;-114;1-1-1-15;25
-34;-114;3-3-3-9;50
-17;-115;3-3-3-9;75
-27;-117;3-3-3-9;0
-21;-118;3-3-3-9;50
-21;-119;1-1-1-15;50
-27;-120;3-3-3-9;125
-34;-121;1-1-1-15;50
-16;-121;1-1-1-15;50
-17;-122;1-1-1-15;0
-26;-127;3-3-3-9;100
-18;-129;1-1-1-15;100
-41;-132;3-3-3-9;25
-27;-75;1-1-1-15;0
-19;-76;3-3-3-9;75
-32;-78;3-3-3-9;75
-45;-79;3-3-3-9;75
-37;-79;1-1-1-15;25
-36;-81;1-1-1-15;25
-20;-82;3-3-3-9;100
-37;-83;3-3-3-9;50
-44;-85;1-1-1-15;0
-37;-88;3-3-3-9;25
-33;-89;1-1-1-15;25
-33;-90;1-1-1-15;25
-39;-98;1-1-1-15;25
-37;-98;3-3-3-9;25
-38;-101;3-3-3-9;50
-35;-102;3-3-3-9;25
-29;-103;3-3-3-9;50
-24;-103;3-3-3-9;50
-45;-104;1-1-1-15;150
-32;-48;3-3-3-9;50
-35;-52;1-1-1-15;25
-19;-54;1-1-1-15;50
-41;-55;3-3-3-9;75
-22;-56;1-1-1-15;50
-19;-56;3-3-3-9;50
-29;-57;3-3-3-9;100
-19;-58;1-1-1-15;50
-17;-58;3-3-3-9;50
-29;-64;3-3-3-9;25
-19;-69;3-3-3-9;50
-17;-69;1-1-1-15;75
-22;-73;3-3-3-9;75
-21;-73;3-3-3-9;75
-30;-74;3-3-3-9;75
-27;-15;1-1-1-15;25
-20;-15;1-1-1-15;50
-42;-20;3-3-3-9;50
-40;-20;3-3-3-9;25
-18;-20;1-1-1-15;50
-37;-21;1-1-1-15;100
-39;-22;1-1-1-15;25
-29;-22;3-3-3-9;125
-45;-23;1-1-1-15;0
-43;-23;3-3-3-9;0
-37;-23;3-3-3-9;100
-41;-25;3-3-3-9;0
-32;-33;3-3-3-9;50
-30;-34;1-1-1-15;0
-22;-34;3-3-3-9;100
-31;-36;3-3-3-9;25
-19;-37;1-1-1-15;75
-31;-43;3-3-3-9;50
-16;15;1-1-1-15;75
-43;14;1-1-1-15;25
-23;14;3-3-3-9;75
-38;11;3-3-3-9;75
-27;11;1-1-1-15;100
-38;9;1-1-1-15;75
-15;8;1-1-1-15;25
-32;5;3-3-3-9;25
-29;5;3-3-3-9;25
-30;4;1-1-1-15;25
-19;4;3-3-3-9;50
-21;-2;1-1-1-15;125
-23;-3;3-3-3-9;100
-20;-3;1-1-1-15;100
-16;-3;3-3-3-9;0
-15;-5;1-1-1-15;25
-44;-6;1-1-1-15;25
-21;-6;3-3-3-9;125
-20;-6;3-3-3-9;125
-41;-8;3-3-3-9;25
-23;-9;3-3-3-9;150
-21;-10;3-3-3-9;150
-17;-14;1-1-1-15;0
-25;43;3-3-3-9;25
-20;43;3-3-3-9;75
-20;38;1-1-1-15;25
-37;30;3-3-3-9;25
-37;29;1-1-1-15;25
-31;29;3-3-3-9;150
-15;29;3-3-3-9;0
-18;28;3-3-3-9;50
-36;27;3-3-3-9;100
-39;24;1-1-1-15;25
-30;24;3-3-3-9;125
-40;20;1-1-1-15;25
-38;20;1-1-1-15;100
-16;18;3-3-3-9;75
-42;16;3-3-3-9;0
-40;74;3-3-3-9;50
-38;73;3-3-3-9;75
-36;73;1-1-1-15;75
-24;70;1-1-1-15;75
-20;70;3-3-3-9;50
-35;64;1-1-1-15;100
-33;64;3-3-3-9;100
-44;61;1-1-1-15;50
-43;60;1-1-1-15;50
-35;57;1-1-1-15;25
-31;56;1-1-1-15;25
-16;56;1-1-1-15;25
-43;54;3-3-3-9;75
-20;52;1-1-1-15;100
-29;51;3-3-3-9;75
-20;49;3-3-3-9;100
-17;96;3-3-3-9;75
-23;95;1-1-1-15;75
-44;91;3-3-3-9;50
-42;88;1-1-1-15;100
-42;86;1-1-1-15;100
-32;85;1-1-1-15;75
-26;83;1-1-1-15;100
-43;82;3-3-3-9;125
-22;81;1-1-1-15;50
-37;79;3-3-3-9;100
-15;135;1-1-1-15;100
-15;134;1-1-1-15;100
-20;132;1-1-1-15;50
-35;131;3-3-3-9;75
-43;128;3-3-3-9;25
-44;123;3-3-3-9;25
-19;123;1-1-1-15;0
-29;122;1-1-1-15;75
-19;114;1-1-1-15;100
-16;111;3-3-3-9;75
-39;110;3-3-3-9;75
-33;163;3-3-3-9;100
-43;162;3-3-3-9;25
-31;162;3-3-3-9;75
-24;158;3-3-3-9;50
-26;156;1-1-1-15;50
-23;152;3-3-3-9;50
-20;152;1-1-1-15;0
-32;151;3-3-3-9;75
-34;150;3-3-3-9;125
-25;148;1-1-1-15;0
-28;144;3-3-3-9;25
-26;143;3-3-3-9;25
-16;142;1-1-1-15;150
-37;141;3-3-3-9;25
-25;141;3-3-3-9;25
-27;140;3-3-3-9;25
-32;195;1-1-1-15;75
-29;195;1-1-1-15;75
-35;194;1-1-1-15;50
-16;192;3-3-3-9;100
-38;188;3-3-3-9;0
-28;186;3-3-3-9;50
-18;186;1-1-1-15;75
-43;183;3-3-3-9;25
-35;182;1-1-1-15;25
-38;176;1-1-1-15;100
-26;175;1-1-1-15;75
-16;175;1-1-1-15;25
-41;171;1-1-1-15;125
-36;171;3-3-3-9;50
-28;170;3-3-3-9;75
-18;169;1-1-1-15;125
-20;168;3-3-3-9;100
-36;166;1-1-1-15;25
5;-171;3-3-3-9;50
4;-172;3-3-3-9;0
4;-173;3-3-3-9;0
-3;-175;1-1-1-15;0
13;-176;1-1-1-15;100
13;-177;3-3-3-9;100
12;-181;3-3-3-9;100
-12;-186;1-1-1-15;0
0;-186;3-3-3-9;25
5;-186;1-1-1-15;100
-5;-187;3-3-3-9;50
6;-190;3-3-3-9;100
-7;-191;1-1-1-15;125
4;-192;3-3-3-9;50
-14;-135;1-1-1-15;100
2;-137;3-3-3-9;150
0;-141;3-3-3-9;50
15;-141;3-3-3-9;25
15;-142;1-1-1-15;75
1;-144;1-1-1-15;75
-10;-145;3-3-3-9;100
7;-146;1-1-1-15;25
2;-148;1-1-1-15;50
1;-149;3-3-3-9;50
2;-150;1-1-1-15;25
-5;-152;3-3-3-9;25
7;-154;1-1-1-15;100
-9;-155;1-1-1-15;0
0;-155;1-1-1-15;50
-13;-156;3-3-3-9;25
2;-159;1-1-1-15;75
-11;-160;3-3-3-9;0
5;-161;3-3-3-9;50
-6;-163;3-3-3-9;75
10;-163;1-1-1-15;75
-11;-164;1-1-1-15;50
-7;-107;1-1-1-15;0
-12;-113;3-3-3-9;25
9;-113;1-1-1-15;75
-6;-118;3-3-3-9;50
11;-118;1-1-1-15;75
-10;-119;3-3-3-9;75
-1;-119;3-3-3-9;25
5;-121;1-1-1-15;75
15;-121;3-3-3-9;150
-11;-123;3-3-3-9;75
3;-126;1-1-1-15;75
5;-128;3-3-3-9;125
-6;-134;1-1-1-15;25
-10;-76;3-3-3-9;75
1;-79;3-3-3-9;50
6;-80;1-1-1-15;0
-8;-87;3-3-3-9;50
3;-89;3-3-3-9;150
7;-89;1-1-1-15;100
9;-92;1-1-1-15;0
1;-93;1-1-1-15;150
-10;-94;3-3-3-9;75
11;-95;1-1-1-15;25
-11;-98;1-1-1-15;25
4;-98;1-1-1-15;75
8;-101;1-1-1-15;50
9;-101;1-1-1-15;50
-9;-102;3-3-3-9;0
14;-52;1-1-1-15;75
-9;-55;1-1-1-15;50
8;-55;1-1-1-15;50
-15;-58;3-3-3-9;50
5;-61;3-3-3-9;100
-11;-66;1-1-1-15;25
-6;-69;1-1-1-15;25
4;-70;3-3-3-9;0
-2;-71;3-3-3-9;25
5;-71;3-3-3-9;0
-2;-72;3-3-3-9;0
12;-73;3-3-3-9;75
12;-74;1-1-1-15;75
-11;-15;1-1-1-15;75
14;-15;1-1-1-15;25
-7;-16;1-1-1-15;75
6;-16;3-3-3-9;50
-15;-17;3-3-3-9;25
-6;-17;1-1-1-15;75
-7;-18;1-1-1-15;75
-4;-18;3-3-3-9;25
5;-19;1-1-1-15;75
-11;-20;1-1-1-15;75
-3;-20;1-1-1-15;0
-14;-23;1-1-1-15;50
4;-25;3-3-3-9;50
1;-26;3-3-3-9;25
-11;-27;3-3-3-9;125
-7;-28;1-1-1-15;100
11;-28;1-1-1-15;75
-14;-29;1-1-1-15;25
-14;-40;3-3-3-9;25
-8;-42;1-1-1-15;0
14;-44;3-3-3-9;0
-11;15;1-1-1-15;100
-7;15;1-1-1-15;100
10;15;3-3-3-9;150
12;15;3-3-3-9;150
-7;14;3-3-3-9;75
-5;14;3-3-3-9;25
15;13;1-1-1-15;150
-6;12;3-3-3-9;25
0;12;3-3-3-9;50
-12;11;3-3-3-9;100
11;11;3-3-3-9;150
-12;10;3-3-3-9;100
11;10;1-1-1-15;150
4;9;3-3-3-9;100
8;9;1-1-1-15;75
15;9;3-3-3-9;150
-12;8;1-1-1-15;25
-2;8;1-1-1-15;25
7;8;1-1-1-15;50
8;8;3-3-3-9;50
11;8;1-1-1-15;150
-9;7;3-3-3-9;0
3;7;3-3-3-9;50
-14;5;1-1-1-15;0
-10;5;1-1-1-15;50
11;5;3-3-3-9;50
3;4;3-3-3-9;75
-4;3;1-1-1-15;25
2;3;3-3-3-9;50
5;3;1-1-1-15;50
9;3;3-3-3-9;50
-8;2;3-3-3-9;75
12;2;3-3-3-9;75
-3;1;3-3-3-9;50
-9;0;3-3-3-9;75
5;0;3-3-3-9;150
-10;-1;1-1-1-15;75
-1;-1;3-3-3-9;100
12;-1;3-3-3-9;150
-12;-3;3-3-3-9;25
-9;-3;1-1-1-15;50
2;-3;3-3-3-9;150
-1;-4;1-1-1-15;125
2;-4;1-1-1-15;150
3;-4;1-1-1-15;150
14;-4;1-1-1-15;150
-14;-5;3-3-3-9;50
-6;-5;1-1-1-15;50
-4;-5;1-1-1-15;50
5;-5;1-1-1-15;150
12;-5;1-1-1-15;150
-6;-7;3-3-3-9;50
3;-7;3-3-3-9;125
4;-8;1-1-1-15;150
-11;-9;3-3-3-9;100
9;-9;1-1-1-15;100
11;-9;3-3-3-9;75
13;-10;3-3-3-9;50
-12;-11;1-1-1-15;75
-11;-11;1-1-1-15;75
-9;-11;3-3-3-9;0
-3;-11;3-3-3-9;50
4;-11;3-3-3-9;25
8;-11;3-3-3-9;75
-5;-12;3-3-3-9;75
2;-12;1-1-1-15;75
12;-12;3-3-3-9;75
7;-13;3-3-3-9;75
-3;43;3-3-3-9;150
3;43;3-3-3-9;75
2;40;1-1-1-15;75
-12;39;1-1-1-15;0
5;39;3-3-3-9;50
4;36;1-1-1-15;25
-7;35;3-3-3-9;0
15;35;1-1-1-15;75
-8;33;1-1-1-15;0
-4;32;3-3-3-9;25
-11;29;3-3-3-9;25
-7;28;3-3-3-9;75
-11;22;3-3-3-9;100
4;22;1-1-1-15;25
-8;20;1-1-1-15;125
-1;19;3-3-3-9;0
15;19;1-1-1-15;150
-1;18;3-3-3-9;0
4;18;3-3-3-9;75
7;17;1-1-1-15;75
14;66;3-3-3-9;75
-12;64;3-3-3-9;25
12;62;3-3-3-9;75
6;61;1-1-1-15;50
7;59;3-3-3-9;50
12;58;1-1-1-15;100
3;55;3-3-3-9;25
10;50;1-1-1-15;100
-7;48;1-1-1-15;125
1;48;1-1-1-15;100
6;47;3-3-3-9;75
0;105;1-1-1-15;75
-8;104;1-1-1-15;0
11;99;3-3-3-9;100
-3;95;1-1-1-15;0
5;91;1-1-1-15;50
11;90;3-3-3-9;75
4;89;3-3-3-9;75
4;87;3-3-3-9;75
6;86;1-1-1-15;75
-4;84;3-3-3-9;0
11;84;1-1-1-15;100
7;83;3-3-3-9;25
10;83;3-3-3-9;50
-8;82;1-1-1-15;75
-5;79;1-1-1-15;25
-1;78;1-1-1-15;100
15;77;1-1-1-15;125
7;76;1-1-1-15;25
9;135;3-3-3-9;75
-14;130;3-3-3-9;50
-4;130;3-3-3-9;75
-9;129;1-1-1-15;50
-6;129;1-1-1-15;100
0;128;3-3-3-9;100
6;128;1-1-1-15;50
-13;127;1-1-1-15;25
-10;121;1-1-1-15;75
-12;119;1-1-1-15;25
-13;112;1-1-1-15;50
-7;112;1-1-1-15;25
11;109;3-3-3-9;0
8;107;1-1-1-15;50
10;107;3-3-3-9;25
8;165;3-3-3-9;50
-1;163;3-3-3-9;75
-12;158;3-3-3-9;50
-11;155;3-3-3-9;75
0;154;3-3-3-9;25
12;154;3-3-3-9;150
10;153;1-1-1-15;150
-7;151;3-3-3-9;100
-4;147;1-1-1-15;125
-14;146;3-3-3-9;25
0;146;1-1-1-15;100
6;146;3-3-3-9;75
-15;142;1-1-1-15;125
-3;140;3-3-3-9;50
-7;139;1-1-1-15;25
15;136;3-3-3-9;25
2;194;1-1-1-15;100
7;194;1-1-1-15;100
-8;193;3-3-3-9;0
-6;192;1-1-1-15;125
10;192;1-1-1-15;25
2;190;1-1-1-15;100
-5;189;1-1-1-15;125
-13;187;1-1-1-15;0
-12;185;3-3-3-9;0
-8;183;1-1-1-15;25
3;179;3-3-3-9;75
7;178;1-1-1-15;100
5;176;1-1-1-15;100
-6;170;1-1-1-15;100
10;169;1-1-1-15;50
-3;168;1-1-1-15;75
-2;167;1-1-1-15;75
35;-165;3-3-3-9;0
42;-165;1-1-1-15;25
20;-169;3-3-3-9;25
25;-169;1-1-1-15;75
27;-169;1-1-1-15;50
30;-169;3-3-3-9;25
33;-171;3-3-3-9;100
20;-173;1-1-1-15;50
37;-174;1-1-1-15;100
27;-175;1-1-1-15;100
24;-176;3-3-3-9;50
33;-178;1-1-1-15;50
31;-181;1-1-1-15;25
42;-187;3-3-3-9;0
24;-190;1-1-1-15;50
32;-190;1-1-1-15;75
36;-190;1-1-1-15;75
41;-190;1-1-1-15;25
27;-192;3-3-3-9;100
21;-193;3-3-3-9;25
27;-195;1-1-1-15;75
41;-136;1-1-1-15;125
25;-137;1-1-1-15;50
19;-140;1-1-1-15;0
20;-140;1-1-1-15;0
37;-143;3-3-3-9;25
25;-145;1-1-1-15;25
35;-146;3-3-3-9;50
29;-150;3-3-3-9;75
24;-155;1-1-1-15;125
35;-156;1-1-1-15;125
32;-157;3-3-3-9;25
38;-157;1-1-1-15;100
24;-160;1-1-1-15;25
40;-160;3-3-3-9;0
42;-161;3-3-3-9;0
34;-105;1-1-1-15;75
18;-110;3-3-3-9;25
22;-110;1-1-1-15;50
29;-110;3-3-3-9;25
37;-111;1-1-1-15;25
42;-114;3-3-3-9;50
34;-118;3-3-3-9;25
25;-122;3-3-3-9;25
33;-122;3-3-3-9;25
41;-125;1-1-1-15;75
25;-129;3-3-3-9;125
37;-129;3-3-3-9;75
37;-130;1-1-1-15;100
43;-130;1-1-1-15;0
17;-132;1-1-1-15;50
21;-75;3-3-3-9;50
30;-79;3-3-3-9;50
41;-79;3-3-3-9;25
22;-81;1-1-1-15;25
36;-81;3-3-3-9;25
38;-81;3-3-3-9;25
19;-82;1-1-1-15;25
26;-83;1-1-1-15;50
35;-84;3-3-3-9;25
42;-87;1-1-1-15;100
16;-89;1-1-1-15;25
26;-89;3-3-3-9;25
26;-90;1-1-1-15;100
32;-91;1-1-1-15;50
20;-93;1-1-1-15;100
16;-96;3-3-3-9;100
22;-96;3-3-3-9;125
23;-96;1-1-1-15;125
27;-98;3-3-3-9;75
23;-99;1-1-1-15;100
18;-101;1-1-1-15;50
24;-101;1-1-1-15;75
37;-47;3-3-3-9;125
35;-49;3-3-3-9;25
39;-51;3-3-3-9;50
15;-52;1-1-1-15;75
30;-55;1-1-1-15;50
28;-60;1-1-1-15;75
21;-66;3-3-3-9;75
16;-67;3-3-3-9;25
16;-69;1-1-1-15;75
23;-71;1-1-1-15;0
41;-73;1-1-1-15;75
21;-15;1-1-1-15;50
41;-15;3-3-3-9;75
29;-16;1-1-1-15;25
36;-19;1-1-1-15;50
20;-20;3-3-3-9;75
16;-22;3-3-3-9;50
44;-24;3-3-3-9;50
26;-26;1-1-1-15;0
16;-29;3-3-3-9;100
20;-29;1-1-1-15;50
24;-29;3-3-3-9;25
27;-29;3-3-3-9;125
39;-29;3-3-3-9;75
33;-31;1-1-1-15;150
28;-33;3-3-3-9;125
35;-33;1-1-1-15;75
42;-34;3-3-3-9;75
17;-39;1-1-1-15;50
23;-39;1-1-1-15;75
18;-41;1-1-1-15;25
19;-44;3-3-3-9;25
40;13;3-3-3-9;50
44;10;3-3-3-9;75
24;8;1-1-1-15;75
25;7;3-3-3-9;75
19;1;1-1-1-15;150
33;-2;1-1-1-15;75
24;-6;3-3-3-9;25
23;-7;3-3-3-9;75
31;-8;3-3-3-9;50
15;-9;3-3-3-9;75
16;-9;1-1-1-15;75
15;-10;3-3-3-9;75
30;-11;3-3-3-9;75
39;-11;1-1-1-15;0
32;-14;1-1-1-15;50
28;45;3-3-3-9;100
45;45;3-3-3-9;75
23;41;3-3-3-9;100
31;38;3-3-3-9;100
20;37;1-1-1-15;0
23;37;3-3-3-9;50
40;36;3-3-3-9;75
39;31;1-1-1-15;50
43;31;3-3-3-9;25
44;31;1-1-1-15;25
27;29;3-3-3-9;75
38;26;1-1-1-15;75
28;22;1-1-1-15;75
40;20;3-3-3-9;75
45;20;1-1-1-15;100
42;75;3-3-3-9;25
35;73;3-3-3-9;0
32;72;3-3-3-9;0
43;71;3-3-3-9;50
29;70;3-3-3-9;0
32;70;1-1-1-15;0
16;69;3-3-3-9;50
41;69;1-1-1-15;50
34;64;3-3-3-9;75
41;64;1-1-1-15;100
19;63;1-1-1-15;75
40;63;3-3-3-9;75
20;62;3-3-3-9;75
26;62;1-1-1-15;0
42;59;1-1-1-15;100
35;58;1-1-1-15;0
16;55;3-3-3-9;50
16;49;3-3-3-9;100
40;90;1-1-1-15;75
16;89;1-1-1-15;50
34;88;3-3-3-9;0
16;87;1-1-1-15;50
28;87;1-1-1-15;75
38;87;3-3-3-9;100
44;87;1-1-1-15;0
22;86;1-1-1-15;50
25;86;3-3-3-9;50
21;85;3-3-3-9;75
23;83;1-1-1-15;25
36;83;1-1-1-15;75
45;80;3-3-3-9;0
22;79;1-1-1-15;50
36;77;3-3-3-9;50
23;133;1-1-1-15;50
34;131;1-1-1-15;75
22;127;3-3-3-9;50
34;126;1-1-1-15;75
20;124;3-3-3-9;25
41;124;1-1-1-15;25
43;124;3-3-3-9;50
25;121;1-1-1-15;50
33;120;3-3-3-9;25
18;119;3-3-3-9;100
18;112;3-3-3-9;75
30;112;1-1-1-15;75
27;111;3-3-3-9;25
26;107;3-3-3-9;25
30;107;1-1-1-15;50
34;161;3-3-3-9;50
16;158;3-3-3-9;100
38;158;3-3-3-9;75
20;156;3-3-3-9;75
24;155;1-1-1-15;125
26;154;1-1-1-15;125
24;152;1-1-1-15;75
27;150;3-3-3-9;0
24;149;1-1-1-15;0
23;148;3-3-3-9;100
17;146;3-3-3-9;75
19;140;1-1-1-15;75
23;140;3-3-3-9;25
42;138;1-1-1-15;25
29;137;1-1-1-15;50
45;137;3-3-3-9;25
42;136;1-1-1-15;25
35;194;1-1-1-15;25
41;193;1-1-1-15;75
42;193;1-1-1-15;50
45;189;1-1-1-15;25
35;184;3-3-3-9;75
35;183;1-1-1-15;75
34;181;3-3-3-9;75
36;179;3-3-3-9;50
40;179;1-1-1-15;100
26;177;1-1-1-15;50
22;175;1-1-1-15;75
26;170;3-3-3-9;125
30;169;3-3-3-9;125
42;168;1-1-1-15;100
71;-165;3-3-3-9;50
50;-166;3-3-3-9;50
53;-166;3-3-3-9;50
58;-168;3-3-3-9;0
71;-170;3-3-3-9;100
46;-174;3-3-3-9;75
47;-174;1-1-1-15;125
59;-175;1-1-1-15;50
48;-179;3-3-3-9;50
60;-179;1-1-1-15;75
65;-179;3-3-3-9;75
56;-183;3-3-3-9;75
67;-185;1-1-1-15;50
52;-186;1-1-1-15;0
60;-188;1-1-1-15;25
67;-191;3-3-3-9;75
65;-192;1-1-1-15;75
57;-195;1-1-1-15;75
58;-135;1-1-1-15;0
58;-144;1-1-1-15;0
72;-145;3-3-3-9;75
65;-146;3-3-3-9;0
52;-147;3-3-3-9;50
59;-147;3-3-3-9;50
64;-147;1-1-1-15;25
54;-159;3-3-3-9;75
46;-160;3-3-3-9;25
61;-160;1-1-1-15;75
74;-160;1-1-1-15;50
48;-162;3-3-3-9;25
53;-162;3-3-3-9;25
59;-162;1-1-1-15;0
64;-106;3-3-3-9;50
51;-107;1-1-1-15;75
74;-109;3-3-3-9;75
61;-111;1-1-1-15;25
62;-111;1-1-1-15;50
65;-112;3-3-3-9;25
61;-119;3-3-3-9;25
65;-119;1-1-1-15;25
57;-121;3-3-3-9;25
51;-124;1-1-1-15;125
73;-125;1-1-1-15;125
61;-126;1-1-1-15;75
50;-129;1-1-1-15;25
74;-129;1-1-1-15;25
75;-129;3-3-3-9;0
50;-130;1-1-1-15;0
71;-132;1-1-1-15;0
46;-133;3-3-3-9;125
72;-76;1-1-1-15;75
53;-78;3-3-3-9;50
62;-81;3-3-3-9;0
72;-83;3-3-3-9;100
51;-85;1-1-1-15;0
69;-89;1-1-1-15;100
47;-98;3-3-3-9;50
68;-98;3-3-3-9;25
61;-102;3-3-3-9;100
73;-102;1-1-1-15;50
52;-104;3-3-3-9;25
48;-45;1-1-1-15;75
63;-49;1-1-1-15;100
50;-50;3-3-3-9;75
58;-51;1-1-1-15;25
61;-51;1-1-1-15;75
61;-55;1-1-1-15;50
67;-56;1-1-1-15;100
52;-58;1-1-1-15;100
65;-58;3-3-3-9;50
57;-61;3-3-3-9;100
54;-62;3-3-3-9;125
62;-62;3-3-3-9;50
72;-63;1-1-1-15;25
63;-65;3-3-3-9;75
69;-65;3-3-3-9;0
61;-66;3-3-3-9;25
48;-67;1-1-1-15;75
61;-68;3-3-3-9;50
45;-17;3-3-3-9;75
47;-21;1-1-1-15;75
60;-26;1-1-1-15;100
69;-30;3-3-3-9;25
51;-31;1-1-1-15;75
75;-31;3-3-3-9;0
52;-32;1-1-1-15;75
67;-32;1-1-1-15;0
73;-32;3-3-3-9;0
58;-33;1-1-1-15;25
65;-36;1-1-1-15;75
52;-41;1-1-1-15;75
53;-41;1-1-1-15;75
59;-41;3-3-3-9;25
54;-43;3-3-3-9;75
66;-43;1-1-1-15;75
68;-44;3-3-3-9;75
50;15;3-3-3-9;100
69;13;3-3-3-9;25
49;7;1-1-1-15;50
63;6;3-3-3-9;75
72;1;3-3-3-9;125
56;0;1-1-1-15;100
70;-3;1-1-1-15;25
54;-4;3-3-3-9;0
55;-5;3-3-3-9;0
69;-5;3-3-3-9;25
49;-6;3-3-3-9;0
64;-6;1-1-1-15;75
55;-8;3-3-3-9;0
74;-13;3-3-3-9;25
69;44;1-1-1-15;75
46;42;3-3-3-9;50
47;37;3-3-3-9;50
59;37;1-1-1-15;50
58;36;3-3-3-9;125
60;35;1-1-1-15;50
53;32;3-3-3-9;100
58;32;3-3-3-9;125
45;31;1-1-1-15;50
52;30;1-1-1-15;25
62;28;3-3-3-9;75
48;26;1-1-1-15;75
71;20;3-3-3-9;75
61;69;3-3-3-9;25
72;69;1-1-1-15;25
58;68;1-1-1-15;25
52;61;3-3-3-9;75
45;59;1-1-1-15;100
47;51;3-3-3-9;100
51;51;3-3-3-9;100
47;49;3-3-3-9;100
58;47;1-1-1-15;0
57;46;3-3-3-9;0
65;46;3-3-3-9;25
70;104;3-3-3-9;25
72;102;1-1-1-15;0
68;101;3-3-3-9;0
47;100;1-1-1-15;25
54;99;3-3-3-9;75
67;99;3-3-3-9;50
65;98;1-1-1-15;50
71;95;1-1-1-15;100
75;91;1-1-1-15;125
45;87;1-1-1-15;0
50;87;3-3-3-9;25
71;87;1-1-1-15;0
65;83;1-1-1-15;75
73;82;3-3-3-9;75
75;81;3-3-3-9;100
65;80;3-3-3-9;100
72;76;1-1-1-15;75
60;134;3-3-3-9;25
46;132;1-1-1-15;0
60;131;3-3-3-9;25
66;129;1-1-1-15;25
46;125;3-3-3-9;75
64;123;1-1-1-15;75
58;120;3-3-3-9;75
63;120;3-3-3-9;50
74;119;3-3-3-9;75
50;118;3-3-3-9;50
55;117;3-3-3-9;50
52;116;3-3-3-9;50
71;114;1-1-1-15;25
71;113;3-3-3-9;25
48;111;3-3-3-9;50
66;111;1-1-1-15;100
57;110;1-1-1-15;50
46;109;1-1-1-15;75
63;108;1-1-1-15;25
56;165;1-1-1-15;0
68;161;3-3-3-9;100
51;156;1-1-1-15;50
68;155;1-1-1-15;125
71;145;3-3-3-9;100
70;142;1-1-1-15;50
75;195;1-1-1-15;75
53;193;3-3-3-9;75
47;192;3-3-3-9;50
72;192;1-1-1-15;0
49;190;3-3-3-9;75
63;188;1-1-1-15;75
69;187;1-1-1-15;100
62;178;3-3-3-9;50
49;177;1-1-1-15;150
49;176;1-1-1-15;150
48;175;1-1-1-15;125
56;174;1-1-1-15;100
71;171;1-1-1-15;25
71;170;3-3-3-9;25
48;166;1-1-1-15;75
81;-168;3-3-3-9;75
93;-170;3-3-3-9;25
90;-171;1-1-1-15;25
84;-172;1-1-1-15;0
96;-174;3-3-3-9;25
80;-178;3-3-3-9;25
83;-179;3-3-3-9;50
87;-179;3-3-3-9;75
90;-179;3-3-3-9;125
101;-180;3-3-3-9;25
78;-185;1-1-1-15;25
86;-187;3-3-3-9;0
76;-188;1-1-1-15;50
96;-190;3-3-3-9;75
75;-137;3-3-3-9;125
95;-143;1-1-1-15;50
81;-148;1-1-1-15;0
99;-148;3-3-3-9;25
86;-150;3-3-3-9;0
99;-151;3-3-3-9;25
89;-153;3-3-3-9;25
90;-153;1-1-1-15;25
91;-153;3-3-3-9;25
95;-153;3-3-3-9;25
85;-156;1-1-1-15;75
89;-156;3-3-3-9;0
95;-160;3-3-3-9;50
99;-160;1-1-1-15;50
77;-162;1-1-1-15;50
88;-162;3-3-3-9;75
90;-163;3-3-3-9;75
95;-163;1-1-1-15;50
91;-164;1-1-1-15;100
104;-164;1-1-1-15;125
93;-105;3-3-3-9;50
105;-108;3-3-3-9;50
87;-112;1-1-1-15;25
89;-112;3-3-3-9;25
103;-112;1-1-1-15;25
90;-114;1-1-1-15;25
88;-117;3-3-3-9;25
103;-117;1-1-1-15;50
98;-118;3-3-3-9;75
79;-120;1-1-1-15;50
94;-120;1-1-1-15;75
82;-121;1-1-1-15;25
99;-121;3-3-3-9;75
95;-122;1-1-1-15;75
78;-123;3-3-3-9;75
84;-123;3-3-3-9;50
78;-125;3-3-3-9;75
101;-126;1-1-1-15;75
84;-128;3-3-3-9;75
105;-128;3-3-3-9;50
104;-129;1-1-1-15;25
89;-80;3-3-3-9;75
90;-80;1-1-1-15;75
97;-80;3-3-3-9;75
75;-82;3-3-3-9;100
104;-82;3-3-3-9;50
95;-83;1-1-1-15;75
98;-83;1-1-1-15;75
92;-84;1-1-1-15;75
100;-84;1-1-1-15;50
81;-90;1-1-1-15;50
96;-90;3-3-3-9;125
86;-91;1-1-1-15;150
90;-93;1-1-1-15;150
82;-94;1-1-1-15;75
76;-95;3-3-3-9;25
101;-99;3-3-3-9;50
82;-100;3-3-3-9;75
86;-100;3-3-3-9;100
103;-101;3-3-3-9;50
99;-102;1-1-1-15;0
81;-104;3-3-3-9;100
85;-104;1-1-1-15;75
94;-48;3-3-3-9;75
98;-48;1-1-1-15;100
79;-55;1-1-1-15;75
79;-60;1-1-1-15;75
102;-60;3-3-3-9;75
94;-61;1-1-1-15;75
89;-64;3-3-3-9;75
98;-67;3-3-3-9;100
105;-68;3-3-3-9;75
81;-69;3-3-3-9;25
86;-19;3-3-3-9;25
95;-20;3-3-3-9;0
82;-22;3-3-3-9;75
93;-23;1-1-1-15;125
79;-25;3-3-3-9;50
81;-26;3-3-3-9;75
80;-27;1-1-1-15;75
84;-30;3-3-3-9;75
92;-30;3-3-3-9;25
97;-30;3-3-3-9;25
101;-33;3-3-3-9;125
76;-34;1-1-1-15;75
91;-34;1-1-1-15;25
90;-37;3-3-3-9;50
98;-38;1-1-1-15;150
105;-38;1-1-1-15;25
76;14;1-1-1-15;25
78;13;3-3-3-9;75
91;13;1-1-1-15;25
76;12;3-3-3-9;50
83;12;1-1-1-15;75
91;10;3-3-3-9;0
78;8;3-3-3-9;100
86;6;1-1-1-15;50
99;4;1-1-1-15;25
80;0;3-3-3-9;75
103;-3;3-3-3-9;75
87;-4;3-3-3-9;75
92;-5;1-1-1-15;25
79;-14;1-1-1-15;0
80;45;1-1-1-15;75
104;45;3-3-3-9;75
95;44;3-3-3-9;50
83;43;3-3-3-9;50
76;41;1-1-1-15;75
95;38;3-3-3-9;75
87;37;1-1-1-15;50
101;35;3-3-3-9;100
80;34;1-1-1-15;75
80;33;3-3-3-9;75
81;33;1-1-1-15;75
91;32;3-3-3-9;100
104;32;3-3-3-9;50
101;28;1-1-1-15;75
99;26;3-3-3-9;75
83;25;3-3-3-9;25
103;20;3-3-3-9;150
96;19;1-1-1-15;0
94;16;1-1-1-15;25
97;16;3-3-3-9;100
89;73;3-3-3-9;50
95;72;3-3-3-9;50
98;71;3-3-3-9;25
104;71;3-3-3-9;25
78;70;1-1-1-15;100
92;70;1-1-1-15;75
86;69;1-1-1-15;50
105;69;1-1-1-15;50
79;68;1-1-1-15;25
81;66;1-1-1-15;0
101;64;3-3-3-9;75
97;62;3-3-3-9;0
77;58;3-3-3-9;25
94;57;1-1-1-15;25
82;56;1-1-1-15;25
76;52;3-3-3-9;50
95;52;1-1-1-15;25
96;49;3-3-3-9;25
102;46;3-3-3-9;75
83;105;3-3-3-9;75
84;104;1-1-1-15;75
78;102;1-1-1-15;125
81;102;1-1-1-15;125
99;102;3-3-3-9;50
101;98;3-3-3-9;0
82;92;3-3-3-9;50
84;92;1-1-1-15;25
100;87;1-1-1-15;0
90;86;3-3-3-9;75
97;85;1-1-1-15;75
81;84;1-1-1-15;75
105;84;1-1-1-15;25
101;83;3-3-3-9;0
104;83;1-1-1-15;50
101;79;3-3-3-9;0
87;76;3-3-3-9;125
89;133;1-1-1-15;100
86;130;1-1-1-15;75
81;128;3-3-3-9;75
92;128;1-1-1-15;50
84;124;3-3-3-9;75
78;122;1-1-1-15;25
90;122;3-3-3-9;75
87;120;3-3-3-9;25
85;119;1-1-1-15;75
95;114;1-1-1-15;25
82;111;3-3-3-9;75
86;111;1-1-1-15;25
99;111;1-1-1-15;25
79;110;3-3-3-9;75
97;109;1-1-1-15;0
76;106;1-1-1-15;25
80;165;1-1-1-15;25
100;165;1-1-1-15;50
82;164;1-1-1-15;50
91;164;1-1-1-15;50
87;161;1-1-1-15;75
86;156;3-3-3-9;50
100;154;3-3-3-9;100
93;153;3-3-3-9;100
82;148;1-1-1-15;0
95;147;3-3-3-9;0
82;146;3-3-3-9;0
92;144;1-1-1-15;50
77;140;1-1-1-15;75
102;137;3-3-3-9;25
103;136;1-1-1-15;50
102;195;1-1-1-15;125
98;194;1-1-1-15;125
84;192;3-3-3-9;0
85;190;1-1-1-15;100
102;189;1-1-1-15;25
84;186;1-1-1-15;100
88;181;1-1-1-15;50
104;175;3-3-3-9;25
95;168;1-1-1-15;0
97;168;1-1-1-15;25
111;-167;3-3-3-9;25
121;-167;3-3-3-9;0
119;-169;1-1-1-15;0
124;-171;3-3-3-9;50
131;-173;1-1-1-15;75
106;-175;1-1-1-15;50
129;-178;1-1-1-15;50
122;-180;3-3-3-9;50
132;-180;1-1-1-15;50
117;-181;3-3-3-9;75
108;-183;1-1-1-15;75
126;-184;3-3-3-9;75
132;-184;3-3-3-9;0
107;-187;1-1-1-15;0
123;-190;3-3-3-9;0
111;-191;1-1-1-15;0
115;-195;1-1-1-15;0
134;-195;3-3-3-9;25
131;-139;3-3-3-9;125
113;-140;1-1-1-15;50
105;-147;1-1-1-15;100
113;-150;3-3-3-9;50
119;-150;1-1-1-15;25
113;-151;3-3-3-9;25
120;-157;3-3-3-9;0
121;-157;1-1-1-15;0
106;-158;3-3-3-9;75
134;-105;3-3-3-9;25
117;-106;3-3-3-9;75
126;-107;1-1-1-15;0
107;-108;3-3-3-9;75
111;-109;1-1-1-15;75
120;-110;3-3-3-9;25
110;-114;1-1-1-15;150
120;-117;1-1-1-15;150
108;-118;3-3-3-9;25
125;-118;1-1-1-15;75
123;-121;1-1-1-15;150
132;-121;3-3-3-9;75
124;-123;1-1-1-15;75
117;-124;3-3-3-9;50
134;-126;1-1-1-15;100
135;-127;1-1-1-15;75
108;-129;1-1-1-15;75
121;-130;1-1-1-15;25
119;-131;3-3-3-9;75
109;-133;1-1-1-15;25
131;-78;1-1-1-15;25
133;-79;1-1-1-15;25
119;-80;3-3-3-9;0
121;-82;1-1-1-15;75
114;-84;1-1-1-15;50
126;-89;3-3-3-9;0
127;-90;3-3-3-9;0
115;-92;1-1-1-15;25
126;-92;1-1-1-15;0
110;-99;3-3-3-9;25
112;-103;1-1-1-15;25
121;-104;1-1-1-15;25
124;-45;1-1-1-15;0
133;-45;3-3-3-9;25
127;-46;1-1-1-15;25
119;-50;3-3-3-9;125
125;-54;3-3-3-9;25
122;-55;3-3-3-9;25
131;-57;1-1-1-15;75
116;-58;1-1-1-15;75
128;-58;1-1-1-15;50
133;-58;1-1-1-15;75
121;-60;3-3-3-9;50
107;-67;1-1-1-15;50
112;-67;3-3-3-9;25
135;-67;3-3-3-9;0
110;-20;1-1-1-15;100
117;-22;1-1-1-15;25
107;-25;3-3-3-9;100
111;-26;1-1-1-15;75
118;-26;3-3-3-9;25
120;-27;1-1-1-15;25
133;-29;3-3-3-9;75
134;-30;3-3-3-9;25
120;-32;3-3-3-9;25
126;-32;3-3-3-9;125
117;-33;3-3-3-9;50
110;-35;1-1-1-15;25
128;-36;1-1-1-15;25
129;-38;3-3-3-9;25
108;-39;1-1-1-15;50
115;-40;1-1-1-15;25
130;-42;3-3-3-9;25
127;-43;3-3-3-9;25
132;15;1-1-1-15;50
134;11;1-1-1-15;75
106;5;1-1-1-15;50
127;4;1-1-1-15;25
131;4;1-1-1-15;50
116;1;1-1-1-15;50
115;-3;1-1-1-15;25
126;-12;3-3-3-9;0
121;44;1-1-1-15;75
110;42;1-1-1-15;0
111;39;3-3-3-9;125
129;39;3-3-3-9;100
119;35;1-1-1-15;100
111;32;3-3-3-9;75
115;31;1-1-1-15;100
126;30;3-3-3-9;100
113;29;3-3-3-9;75
135;29;1-1-1-15;50
127;28;3-3-3-9;25
128;28;1-1-1-15;25
134;28;3-3-3-9;75
111;25;1-1-1-15;75
133;24;1-1-1-15;50
133;22;3-3-3-9;25
120;21;1-1-1-15;75
119;17;1-1-1-15;75
107;75;1-1-1-15;25
130;70;3-3-3-9;75
135;70;1-1-1-15;50
125;69;3-3-3-9;75
105;68;1-1-1-15;50
114;63;3-3-3-9;25
121;61;3-3-3-9;25
110;58;3-3-3-9;75
119;56;3-3-3-9;50
112;55;1-1-1-15;25
121;53;1-1-1-15;50
111;51;3-3-3-9;25
116;50;1-1-1-15;25
131;47;3-3-3-9;100
116;46;3-3-3-9;0
122;46;1-1-1-15;25
124;46;3-3-3-9;0
113;105;3-3-3-9;25
134;104;1-1-1-15;75
113;101;1-1-1-15;75
118;100;3-3-3-9;75
132;100;1-1-1-15;0
125;98;1-1-1-15;100
133;92;3-3-3-9;75
117;91;3-3-3-9;150
125;89;1-1-1-15;75
117;86;3-3-3-9;125
124;84;3-3-3-9;25
116;81;1-1-1-15;25
125;81;3-3-3-9;0
134;79;3-3-3-9;50
122;78;3-3-3-9;0
134;76;1-1-1-15;0
124;135;1-1-1-15;50
118;133;3-3-3-9;25
109;130;1-1-1-15;25
110;129;3-3-3-9;25
114;129;3-3-3-9;100
128;129;3-3-3-9;25
121;128;3-3-3-9;75
126;127;3-3-3-9;25
113;125;3-3-3-9;50
114;124;1-1-1-15;75
118;123;3-3-3-9;100
110;122;3-3-3-9;0
119;122;1-1-1-15;100
115;121;1-1-1-15;75
109;119;3-3-3-9;50
127;119;1-1-1-15;75
115;117;3-3-3-9;25
109;115;3-3-3-9;75
119;109;1-1-1-15;75
124;165;1-1-1-15;75
108;164;3-3-3-9;100
110;163;1-1-1-15;100
120;163;1-1-1-15;50
113;157;1-1-1-15;50
118;156;3-3-3-9;25
113;155;3-3-3-9;100
110;154;3-3-3-9;100
132;154;3-3-3-9;50
119;152;3-3-3-9;25
107;150;1-1-1-15;75
119;150;3-3-3-9;0
113;146;3-3-3-9;150
111;144;1-1-1-15;0
135;144;3-3-3-9;50
108;142;1-1-1-15;75
118;140;1-1-1-15;125
109;139;1-1-1-15;75
106;138;3-3-3-9;75
120;138;1-1-1-15;0
111;137;3-3-3-9;50
133;137;1-1-1-15;0
108;136;1-1-1-15;25
130;136;1-1-1-15;0
125;194;3-3-3-9;25
117;192;3-3-3-9;0
124;187;1-1-1-15;0
105;186;3-3-3-9;25
133;186;1-1-1-15;25
119;185;1-1-1-15;100
120;184;3-3-3-9;100
132;183;3-3-3-9;25
112;178;1-1-1-15;50
122;178;1-1-1-15;50
133;178;1-1-1-15;75
134;178;1-1-1-15;75
108;177;3-3-3-9;125
123;174;3-3-3-9;125
108;170;1-1-1-15;50
147;-165;3-3-3-9;125
165;-167;1-1-1-15;0
137;-170;1-1-1-15;0
156;-174;1-1-1-15;75
138;-175;3-3-3-9;75
158;-175;3-3-3-9;100
149;-177;1-1-1-15;25
158;-178;3-3-3-9;25
138;-179;3-3-3-9;50
148;-181;1-1-1-15;0
136;-135;3-3-3-9;50
135;-139;3-3-3-9;125
161;-139;3-3-3-9;75
143;-149;3-3-3-9;100
155;-149;3-3-3-9;50
138;-152;1-1-1-15;125
155;-152;3-3-3-9;25
137;-159;3-3-3-9;75
158;-106;3-3-3-9;100
151;-107;3-3-3-9;75
159;-110;1-1-1-15;100
161;-111;1-1-1-15;100
136;-114;3-3-3-9;25
147;-114;1-1-1-15;125
146;-115;3-3-3-9;100
165;-118;1-1-1-15;25
140;-119;1-1-1-15;50
149;-122;1-1-1-15;25
165;-123;1-1-1-15;50
158;-127;3-3-3-9;0
145;-133;3-3-3-9;25
140;-75;3-3-3-9;25
145;-77;1-1-1-15;25
155;-78;1-1-1-15;75
159;-78;1-1-1-15;75
143;-80;1-1-1-15;75
156;-80;3-3-3-9;75
148;-81;1-1-1-15;50
136;-85;3-3-3-9;100
148;-85;1-1-1-15;50
146;-87;3-3-3-9;25
156;-87;1-1-1-15;50
158;-88;3-3-3-9;25
146;-90;1-1-1-15;25
153;-94;3-3-3-9;100
139;-96;1-1-1-15;0
148;-101;1-1-1-15;25
162;-102;3-3-3-9;25
138;-45;3-3-3-9;100
146;-46;1-1-1-15;75
138;-49;1-1-1-15;25
147;-54;1-1-1-15;100
159;-66;3-3-3-9;50
156;-72;3-3-3-9;75
144;-74;1-1-1-15;100
161;-16;3-3-3-9;75
156;-20;3-3-3-9;125
137;-23;1-1-1-15;75
162;-23;3-3-3-9;50
160;-29;3-3-3-9;25
148;-31;1-1-1-15;25
158;-32;3-3-3-9;50
146;-34;3-3-3-9;50
137;-40;3-3-3-9;75
164;-40;3-3-3-9;25
152;-44;1-1-1-15;0
154;-44;3-3-3-9;100
144;11;3-3-3-9;75
155;10;3-3-3-9;100
158;7;1-1-1-15;25
152;-1;3-3-3-9;50
146;-11;1-1-1-15;25
155;44;3-3-3-9;100
147;41;3-3-3-9;50
162;41;1-1-1-15;150
154;37;3-3-3-9;75
145;33;1-1-1-15;125
138;30;1-1-1-15;25
140;24;1-1-1-15;100
150;24;3-3-3-9;75
148;22;3-3-3-9;50
150;75;1-1-1-15;0
138;74;3-3-3-9;100
160;73;1-1-1-15;75
158;69;1-1-1-15;100
162;68;1-1-1-15;150
139;67;1-1-1-15;150
160;64;3-3-3-9;125
157;63;1-1-1-15;100
144;62;3-3-3-9;50
147;61;1-1-1-15;50
146;60;3-3-3-9;50
150;60;1-1-1-15;25
143;58;3-3-3-9;50
163;57;1-1-1-15;75
158;56;1-1-1-15;25
147;54;1-1-1-15;25
149;50;1-1-1-15;50
147;49;1-1-1-15;0
142;48;3-3-3-9;50
139;47;1-1-1-15;75
160;46;3-3-3-9;100
142;105;3-3-3-9;0
165;105;1-1-1-15;0
139;104;3-3-3-9;50
138;102;1-1-1-15;25
145;101;3-3-3-9;0
138;100;3-3-3-9;25
161;100;3-3-3-9;50
143;96;1-1-1-15;0
160;94;1-1-1-15;50
138;92;1-1-1-15;25
151;92;3-3-3-9;100
144;91;3-3-3-9;0
163;91;3-3-3-9;50
136;88;3-3-3-9;100
150;88;3-3-3-9;0
137;87;1-1-1-15;100
157;84;1-1-1-15;100
162;80;1-1-1-15;75
145;78;3-3-3-9;150
157;78;1-1-1-15;50
136;135;1-1-1-15;25
156;134;1-1-1-15;25
153;129;1-1-1-15;50
161;127;1-1-1-15;50
145;123;1-1-1-15;75
164;120;3-3-3-9;75
161;117;1-1-1-15;0
144;114;1-1-1-15;75
142;113;3-3-3-9;75
148;113;1-1-1-15;50
164;107;3-3-3-9;0
147;164;3-3-3-9;100
140;162;1-1-1-15;75
159;162;1-1-1-15;100
162;162;3-3-3-9;25
137;159;1-1-1-15;75
139;159;3-3-3-9;75
141;158;1-1-1-15;75
154;158;1-1-1-15;25
141;153;3-3-3-9;75
164;152;1-1-1-15;0
146;151;1-1-1-15;75
157;151;3-3-3-9;25
139;150;1-1-1-15;75
138;147;1-1-1-15;50
145;145;1-1-1-15;0
151;137;3-3-3-9;50
155;136;1-1-1-15;50
141;195;3-3-3-9;0
136;194;1-1-1-15;25
144;194;1-1-1-15;75
153;193;3-3-3-9;25
156;193;3-3-3-9;25
137;190;3-3-3-9;75
139;187;3-3-3-9;75
155;183;1-1-1-15;50
165;179;1-1-1-15;125
156;175;1-1-1-15;25
162;174;3-3-3-9;50
149;171;1-1-1-15;0
159;169;1-1-1-15;125
164;168;3-3-3-9;50
195;-166;1-1-1-15;50
166;-170;1-1-1-15;50
171;-170;1-1-1-15;75
192;-171;1-1-1-15;0
191;-173;3-3-3-9;50
186;-177;3-3-3-9;25
192;-177;3-3-3-9;75
192;-180;3-3-3-9;50
181;-181;1-1-1-15;75
194;-181;1-1-1-15;25
167;-184;1-1-1-15;50
173;-186;1-1-1-15;0
167;-187;3-3-3-9;100
190;-194;3-3-3-9;0
187;-136;3-3-3-9;0
167;-140;1-1-1-15;25
192;-140;1-1-1-15;75
173;-141;1-1-1-15;50
185;-141;1-1-1-15;0
178;-142;1-1-1-15;0
174;-146;1-1-1-15;25
184;-146;1-1-1-15;25
185;-147;3-3-3-9;25
182;-149;3-3-3-9;75
184;-152;1-1-1-15;75
189;-153;1-1-1-15;75
180;-154;1-1-1-15;50
176;-157;3-3-3-9;0
179;-157;3-3-3-9;0
187;-157;1-1-1-15;25
180;-105;3-3-3-9;50
187;-109;1-1-1-15;75
173;-110;3-3-3-9;50
191;-110;1-1-1-15;75
165;-112;1-1-1-15;75
190;-112;3-3-3-9;25
191;-113;3-3-3-9;25
176;-114;3-3-3-9;25
195;-117;1-1-1-15;25
169;-121;1-1-1-15;75
170;-121;1-1-1-15;75
194;-125;1-1-1-15;0
189;-127;3-3-3-9;150
171;-131;3-3-3-9;75
185;-131;3-3-3-9;0
193;-134;3-3-3-9;125
172;-75;1-1-1-15;25
177;-76;1-1-1-15;50
174;-80;3-3-3-9;75
174;-81;1-1-1-15;75
176;-84;1-1-1-15;100
195;-87;1-1-1-15;25
171;-91;1-1-1-15;0
185;-95;3-3-3-9;75
194;-97;1-1-1-15;0
190;-100;3-3-3-9;0
171;-103;1-1-1-15;50
175;-104;3-3-3-9;0
176;-104;1-1-1-15;0
169;-45;1-1-1-15;25
170;-46;3-3-3-9;0
169;-49;1-1-1-15;0
195;-49;3-3-3-9;0
190;-50;1-1-1-15;25
185;-51;3-3-3-9;25
180;-52;3-3-3-9;50
186;-54;3-3-3-9;0
195;-56;1-1-1-15;125
169;-57;3-3-3-9;25
189;-58;1-1-1-15;0
169;-59;3-3-3-9;0
184;-59;3-3-3-9;75
187;-62;1-1-1-15;25
193;-62;1-1-1-15;50
173;-64;1-1-1-15;125
186;-64;1-1-1-15;75
181;-65;1-1-1-15;75
172;-69;3-3-3-9;75
192;-69;1-1-1-15;100
168;-71;1-1-1-15;75
168;-18;1-1-1-15;100
173;-19;1-1-1-15;75
174;-22;3-3-3-9;125
185;-22;3-3-3-9;25
184;-25;3-3-3-9;50
182;-34;1-1-1-15;100
168;-36;3-3-3-9;100
179;-36;3-3-3-9;100
177;-41;1-1-1-15;50
195;15;1-1-1-15;0
181;12;1-1-1-15;50
188;12;1-1-1-15;0
169;10;1-1-1-15;75
184;8;1-1-1-15;25
167;7;3-3-3-9;100
170;5;1-1-1-15;75
180;4;1-1-1-15;0
187;-7;1-1-1-15;150
189;-9;1-1-1-15;100
168;-12;1-1-1-15;100
193;-14;3-3-3-9;75
177;42;3-3-3-9;50
165;41;1-1-1-15;125
181;41;3-3-3-9;50
178;40;3-3-3-9;50
187;34;1-1-1-15;100
192;34;1-1-1-15;100
181;30;3-3-3-9;75
173;29;3-3-3-9;100
189;27;1-1-1-15;75
171;21;3-3-3-9;75
177;21;1-1-1-15;25
171;19;1-1-1-15;75
178;19;1-1-1-15;75
186;74;3-3-3-9;50
168;72;1-1-1-15;50
186;66;3-3-3-9;100
169;65;3-3-3-9;75
188;65;3-3-3-9;100
165;64;3-3-3-9;150
177;64;3-3-3-9;50
192;64;1-1-1-15;25
178;62;3-3-3-9;75
188;62;1-1-1-15;25
194;62;1-1-1-15;25
177;61;3-3-3-9;75
177;58;1-1-1-15;100
172;56;1-1-1-15;125
192;51;3-3-3-9;0
166;49;3-3-3-9;25
171;47;1-1-1-15;75
175;46;3-3-3-9;0
192;103;1-1-1-15;0
179;97;3-3-3-9;50
188;96;3-3-3-9;75
172;93;3-3-3-9;75
178;92;3-3-3-9;50
183;92;1-1-1-15;75
180;91;1-1-1-15;50
195;90;1-1-1-15;50
177;86;1-1-1-15;50
169;78;3-3-3-9;50
193;135;3-3-3-9;50
194;135;3-3-3-9;25
176;134;1-1-1-15;100
193;132;1-1-1-15;50
181;129;3-3-3-9;0
167;126;1-1-1-15;125
170;124;1-1-1-15;100
166;123;1-1-1-15;125
171;118;1-1-1-15;0
170;116;1-1-1-15;25
185;116;1-1-1-15;50
167;115;3-3-3-9;0
184;111;3-3-3-9;100
191;111;3-3-3-9;75
174;109;3-3-3-9;25
190;107;1-1-1-15;25
181;164;1-1-1-15;50
184;164;3-3-3-9;50
179;161;3-3-3-9;100
180;161;3-3-3-9;100
172;159;3-3-3-9;50
184;159;1-1-1-15;75
173;158;3-3-3-9;75
189;156;3-3-3-9;150
181;155;3-3-3-9;75
194;155;1-1-1-15;0
182;154;3-3-3-9;25
182;148;3-3-3-9;125
194;147;3-3-3-9;50
180;146;3-3-3-9;150
167;139;1-1-1-15;50
188;138;1-1-1-15;50
166;194;1-1-1-15;25
188;194;1-1-1-15;0
173;191;3-3-3-9;25
167;187;3-3-3-9;0
170;187;3-3-3-9;25
188;186;3-3-3-9;0
171;185;1-1-1-15;75
170;184;1-1-1-15;25
193;183;1-1-1-15;25
174;181;3-3-3-9;75
188;177;3-3-3-9;25
176;175;3-3-3-9;50
192;175;3-3-3-9;75
180;172;3-3-3-9;75
192;172;1-1-1-15;100
181;171;1-1-1-15;75
194;169;3-3-3-9;100
169;168;3-3-3-9;0
